2 (153)
3 (66)
4 (48)
5 (45)
8 (30)
9 (28)
100 (27)
10 (26)
20 (25)
6 (23)
80 (21)
1000 (19)
15 (19)
12 (16)
30 (16)
7 (16)
90 (15)
17 (13)
82 (11)
83 (10)
70 (9)
TM_d:2 (8)
TM_min:10 (8)
14 (8)
60 (7)
85 (7)
50 (7)
19 (7)
TM_d:3 (6)
40 (6)
200 (6)
0 (6)
18 (6)
63 (6)
62 (5)
11 (5)
95 (5)
79 (5)
25 (5)
1800 (4)
TM_h:24 (4)
68 (4)
1.2 (4)
99 (4)
TM_h:2 (4)
78 (4)
75 (4)
2000 (4)
87 (3)
98 (3)
42 (3)
72 (3)
165 (3)
89 (3)
64 (3)
56 (3)
53 (3)
1390 (3)
150 (3)
33 (3)
81 (3)
400 (3)
76 (3)
1982 (3)
$_ESP:70000 (3)
1.6 (3)
36 (2)
2002 (2)
180 (2)
160 (2)
TM_h:15 (2)
$_ECU:5000 (2)
$_ESP:1000 (2)
$_ECU:5 (2)
45 (2)
TM_d:4 (2)
77 (2)
2.1 (2)
1500 (2)
170 (2)
61 (2)
TM_d:10 (2)
1.3 (2)
1.7 (2)
92 (2)
13 (2)
TM_min:5 (2)
1977 (2)
24 (2)
2001 (2)
35 (2)
88 (2)
115 (1)
$_ESP:300000 (1)
3/4 (1)
73 (1)
$_ECU:400 (1)
TM_h:3 (1)
69 (1)
TM_h:48 (1)
LN_km:100 (1)
WG_g:250 (1)
2.13 (1)
TM_h:27 (1)
TM_min:2 (1)
bonito2.2 (1)
$_ECU:90 (1)
40000000 (1)
1994 (1)
LN_km:3 (1)
$_ECU:12000000 (1)
110 (1)
60000 (1)
41 (1)
3000000 (1)
$_ESP:120000 (1)
5000 (1)
55 (1)
TM_d:27 (1)
$_ESP:20000 (1)
1986 (1)
WG_g:200 (1)
TM_min:45 (1)
$_ECU:800 (1)
2008 (1)
TM_h:20 (1)
58 (1)
1936 (1)
$_ECU:105 (1)
1930 (1)
94 (1)
TM_h:60 (1)
$_ECU:200 (1)
38 (1)
52 (1)
86 (1)
$_ECU:360 (1)
$_ECU:300 (1)
49 (1)
34 (1)
$_ECU:3 (1)
$_ECU:1000 (1)
3004 (1)
TM_min:20 (1)
1983 (1)
300 (1)
4.16 (1)
$_ECU:60 (1)
TM_d:15 (1)
4000 (1)
2003 (1)
$_ESP:400000 (1)
10/12 (1)
$_ESP:700000 (1)
LN_m:50 (1)
TM_min:3 (1)
TM_min:40 (1)
1900 (1)
TM_d:5 (1)
250 (1)
LN_km:50 (1)
80000 (1)
1300 (1)
